    472 35
    539 36
    586 37
    585 38
    615 39
    700 40
    646 41
    656 42
    655 43
    667 44
    614 45
    685 46
    698 47
    635 48
    656 49
    669 50
    652 51
    697 52
    649 53
    705 54
    708 55
    726 56
    772 57
    790 58
    749 59
    787 60
    747 61
    871 62
    824 63
    859 64
    878 65
    996 66
    981 67
   1055 68
   1100 69
   1177 70
   1196 71
   1381 72
   1481 73
   1562 74
   2335 75
   2265 76
   2708 77
   2780 78
   2922 79
   2591 80
   2553 81
   2350 82
   2310 83
   2306 84
   2213 85
   2366 86
   2245 87
   2405 88
   2496 89
   2620 90
   2783 91
   2773 92
   2926 93
   2938 94
   3036 95
   3054 96
   3459 97
   7518 98
  22660 99
 195444 100
6572925 101
