  11664 35
  10742 36
   9146 37
   7745 38
   5899 39
   5636 40
   4811 41
   4530 42
   4064 43
   3999 44
   3797 45
   3719 46
   3700 47
   3691 48
   3637 49
   3617 50
   3433 51
   3491 52
   3728 53
   3497 54
   3778 55
   3731 56
   3720 57
   3788 58
   4044 59
   4043 60
   4189 61
   4134 62
   4205 63
   4162 64
   4076 65
   4140 66
   4106 67
   4140 68
   4056 69
   4187 70
   4200 71
   4342 72
   4034 73
   3942 74
   3865 75
   3583 76
   4129 77
   3609 78
   4094 79
   4053 80
   4495 81
   4558 82
   4849 83
   4765 84
   4926 85
   4740 86
   4752 87
   4682 88
   4617 89
   4511 90
   4548 91
   4683 92
   4670 93
   4667 94
   4834 95
   5068 96
   6903 97
  15698 98
  49257 99
 371106 100
6164177 101
