    782 35
    785 36
    790 37
    898 38
    852 39
    863 40
    868 41
    900 42
    887 43
    859 44
    872 45
    937 46
    916 47
    864 48
    931 49
    959 50
    962 51
    962 52
   1010 53
   1000 54
   1099 55
   1108 56
   1031 57
   1080 58
   1123 59
   1213 60
   1187 61
   1306 62
   1249 63
   1254 64
   1364 65
   1309 66
   1516 67
   1632 68
   1704 69
   1800 70
   1915 71
   2142 72
   2313 73
   2382 74
   2989 75
   2873 76
   3397 77
   3526 78
   3747 79
   3513 80
   3616 81
   3198 82
   3369 83
   3407 84
   3385 85
   3692 86
   3513 87
   3928 88
   3843 89
   4167 90
   4619 91
   4582 92
   4749 93
   4790 94
   5169 95
   4970 96
   5696 97
  12419 98
  37702 99
 328739 100
11219754 101
