  26182 35
  23571 36
  19436 37
  15718 38
  11664 39
  10789 40
   8830 41
   8229 42
   7011 43
   6951 44
   6693 45
   6476 46
   6360 47
   6283 48
   6401 49
   5907 50
   6151 51
   5998 52
   6259 53
   6140 54
   6284 55
   6443 56
   6473 57
   6871 58
   7033 59
   7021 60
   7234 61
   7141 62
   7420 63
   7241 64
   7121 65
   7071 66
   7183 67
   7132 68
   7169 69
   7326 70
   7629 71
   7375 72
   7110 73
   6944 74
   6582 75
   6347 76
   7127 77
   6394 78
   6553 79
   6551 80
   6625 81
   6922 82
   7131 83
   7018 84
   7215 85
   7344 86
   7457 87
   7354 88
   7556 89
   7665 90
   7781 91
   7853 92
   8222 93
   8004 94
   8233 95
   9134 96
  12108 97
  27570 98
  86068 99
 629760 100
10478132 101
